17
3302
7738
8520
11511
624413
689273
759251
784304
793926
816653
819791
890891
972651
1125071
1125151
1125191
1331091
1344951
1367531
1541461
1691181
2006261
2367911
2459371
2480951
2557521
2836421
2883841
3108351
4309001
5162861
5695632
5796972
5797422
5838072
5868402
5885732
5988062
6018982
6045062
6151352
6423982
6446742
6519522
6608082
6613972
6616262
6708952
6717192
7090232
7180132
7309052
7346482
7517222
7712452
7717612
7744592
7757302
7831092
8254582
8308842
8695992
8717312
8724862
8724932
8771022
8879152
8979742
9109712
9521982
9541782
9590262
9629222
9655952
9783422
10005212
10145322
10194682
10228272
10277052
10560442
10638482
10668202
10671602
10754962
10950092
10983612
11018442
11064542
11134772
11312652
11319582
11813732
11859822
12009152
12133382
12356582
12389212
12401852
12447792
12480582
12492842
13014082
13052292
13192972
13678662
13796572
13838562
13911552
13967482
14062180
14063426
14075365
14075836
14109159
14132785
14134869
14137941
14140571
14178648
14192168
14192958
14199378
14220113
14256449
14262029
14266642
14273403
14275261
14276094
14282672
14306008
14336163
14344319
14345062
14345113
14363806
14377870
14388488
14390109
14392192
14399483
14419089
14423603
14435488
14462907
14466176
14482397
14495337
14501065
14504859
14511328
14516920
14539324
14539337
14550286
14577590
14584200
14587949
14589119
14590971
14592723
14614615
14616081
14620190
14626738
14627400
14663955
14695985
14696890
14703861
14716900
14738561
14740219
14755492
14757934
14762127
14763734
14784903
14789540
14791918
14792516
14804878
14833304
14836197
14853133
14863842
14870662
14874480
14883246
14884651
14909030
14920785
14927543
14928483
14949454
14996251
15010101
15014593
15079924
15087766
15091022
15101714
15119662
15130900
15131310
15136500
15151711
15162193
15169907
15182798
15211440
15220473
15224275
15225375
15249151
15279429
15290839
15311268
15312928
15354310
15357939
15359864
15378041
15380044
15384441
15392391
15397465
15430849
15442435
15484266
15517570
15527007
15566901
15573174
15577098
15599390
15624515
15634296
15635604
15637008
15646547
15651700
15666980
15673712
15674759
15676118
15678093
15695369
15695651
15711951
15722647
15725217
15727578
15747570
15749983
15766070
15779948
15782399
15813928
15829003
15835725
15836048
15851618
15855468
15866857
15897147
15897465
15900167
15934130
15956519
15981505
15981547
15987188
15991258
15999249
16004778
16017996
16031909
16031939
16042794
16076796
16082893
16101626
16129106
16132791
16134540
16147150
16149262
16150688
16176456
16191793
16211434
16219669
16221374
16222907
16243938
16252784
16256615
16319797
16331762
16362921
16366375
16372225
16373878
16407145
16409781
16419153
16421962
16438170
16438248
16438655
16529238
16537989
16560657
16568179
16578473
16615576
16630436
16637298
16642753
16686516
16727022
16742099
16742420
16777654
16789711
16816021
16827489
16873567
16874226
16877611
16885165
16887429
16905329
16908855
16912824
16932962
16956532
17007560
17008203
17028879
17047743
17092592
17093617
17137891
17218582
17218626
17219499
17226612
17235511
17276792
17298078
17325005
17341358
17351940
17372405
17396590
17445595
17446621
17469289
17475575
17496334
17518142
17525171
17527705
17546747
17627741
17640219
17676664
17700669
17781955
17792620
17793878
17813899
17816786
17820367
17826187
17838200
17846483
17848544
17850787
17870480
17876034
17899654
17899712
17906428
17909176
17932650
17936708
17944853
17984536
17995712
18020878
18027276
18057459
18060279
18079631
18086960
18091004
18139619
18171994
18210168
18220723
18221343
18221780
18224194
18244358
18247959
18308738
18313840
18332190
18359909
18371803
18455097
18517435
18570772
18572345
18576042
18580938
18639872
18681139
18697326
18732790
18765702
18777269
18780087
18782656
18797311
18803987
18806753
18818543
18848096
18909248
18912896
18918316
18918698
18926788
18949610
18956020
18956212
18957524
18994003
18994444
19003121
19013415
19017255
19034328
19034788
19053113
19080178
19098960
19164985
19255759
19262500
19336500
19342160
19359597
19362299
19364978
19464428
19468364
19543896
19546277
19546942
19600553
19601625
19622973
19631946
19662097
19673972
19711108
19731100
19734728
19769002
19777078
19795404
19923144
19931547
19988588
19991833
20050632
20076659
20078891
20084565
20087429
20100039
20106852
20187433
20188834
20225875
20262231
20434358
20449296
20457017
20457806
20485328
20524917
20556356
20562637
20594079
20600214
20615625
20619654
20641938
20642645
20643933
20649364
20663500
20693776
20710809
20718994
20722851
20808273
20814874
20815041
20952929
21001534
21075246
21114267
21121491
21193650
21195097
21203256
21206424
21228968
21272440
21320186
21346619
21347710
21361594
21441630
21447363
21451819
21457289
21556083
21609902
21659166
21697106
21701757
21728396
21778607
21790466
21812410
21903605
21952592
22009780
22030851
22060789
22061951
22066149
22068372
22090282
22139417
22178780
22179997
22209176
22258315
22401519
22432302
22482597
22498525
22504277
22520148
22536055
22556296
22630520
22650211
22692199
22695018
22787635
22797378
22845770
22873424
22934698
22952132
22975287
23077762
23092890
23151437
23369246
23426607
23453742
23482357
23491002
23496307
23497233
23501907
23662214
23668729
23689478
23703502
23756134
23797083
23959776
23965293
23986856
23990483
23997019
24165974
24227230
24277513
24312399
24448152
24497292
24621955
24636272
24700361
24756147
24987895
25053299
25093713
25103967
25104363
25106550
25170188
25174997
25210607
25267500
25318451
25319271
25341996
25354531
25462882
25473071
25611502
25637893
25766990
25960305
25995565
25996721
26007726
26012202
26046526
26084811
26117507
26120199
26191233
26259480
26335328
26430453
26520948
26528044
26585095
26660626
26662713
26757599
26775859
26777550
26787673
26820715
26903289
27015055
27025414
27056655
27068068
27220684
27230776
27260086
27673684
27801361
27830610
27875662
27900939
27939933
28013080
28023330
28076276
28145061
28165790
28173220
28195996
28198850
28436760
28555018
28584488
28669136
28922440
29050885
29162590
29212664
29292439
29336816
29359672
29451778
29463928
29528662
29566832
29570430
29654606
29658846
29679737
29704098
29735775
29787669
29833504
29998941
30007936
30018058
30063587
30138131
30205586
30233103
30251932
30278532
30314507
30318595
30321204
30366928
30367834
30474737
30770263
30878510
30886340
30899115
30912137
31122496
31137489
31143489
31192225
31196202
31198809
31200862
31267104
31413260
31455011
31592795
31845567
31981508
32118187
32164015
32412076
32420198
32424501
32497693
32509377
32519755
32520240
32522114
32523291
32570672
32956188
33021930
33216729
33319485
33458012
33539627
33612317
33634433
33905417
34010976
34024172
34036028
34141803
34277916
34301875
34356968
34369690
34422599
34442404
34569820
34667202
34689599
34696309
34713362
34715589
34738598
34749412
34871380
34909329
34998505
35009875
35038857
35053003
35259467
35425209
35440664
35451536
35861227
35880417
35961145
36178069
36451558
36454184
36468710
36472130
36665547
36706727
36716200
36730070
36746097
36800216
36947388
36953109
36958179
36972997
36975564
36980856
37032524
37042180
37180380
37283840
37687077
37701900
37711082
37722624
37826645
37890617
37981503
38199580
38226678
38423170
38507478
38516217
38747883
39273981
39549911
39574695
39803440
39815311
39871442
39954303
40011881
40245758
40349928
40369157
40687908
40766143
40879381
40898793
40899595
40917258
40924038
40979644
40987072
41132801
41135906
41149231
41152441
41251742
41440095
41488578
41605985
41609275
41847236
41949967
41995648
42221321
42638511
42697059
42724058
42842323
42867610
42871498
42958829
42968794
43024351
43112659
43129645
43165749
43192684
43193105
43344979
43346123
43346484
43415759
43427774
43923409
44084633
44182242
44219679
44457290
44501597
44505153
44682276
44682474
44699176
44701777
44889752
44945327
44956058
44961317
44985984
44986195
45659652
45871934
45906479
46116615
46123573
46145761
46153776
46176807
46177695
46188869
46441864
46444600
46500200
46509210
46554393
46654897
46714602
46850359
46927117
47459700
47682765
47797696
48032694
48275915
48436234
48580514
48743089
48797251
48858361
49381709
49410500
49680475
49686679
49706919
49710151
49753110
50004938
50096544
50101725
50221431
50415286
50671851
52144234
52422878
52698165
52846066
53139864
53210455
53543144
54244175
54641489
54664091
54787200
54896795
55237566
55736459
56488059
56521633
56531410
56699256
56773228
56792300
56843421
56858798
57018084
57047742
57069242
57080571
57100687
57214964
57408860
57591841
57669873
57824414
58309829
58561993
58602756
58611119
58816099
58913750
58919137
58921056
59023203
59545968
59553554
59578815
59826297
60319205
60628575
60649803
60679847
60920749
61008852
61033129
61040833
61195774
61297162
61387936
61514970
61559439
61875147
61903300
62343633
62522718
62553465
62589395
62849816
62940751
63253045
63359297
63518219
63538464
63586621
63735119
63779713
63786611
63787812
63844028
64142600
64331621
64417115
64510593
64565898
64726748
64733715
64776896
64808610
64822455
65174274
65492146
65525881
65622980
65676137
66238666
66395780
66408053
66461072
66515223
66704297
66716574
66740930
66754934
67306920
67385653
67693464
67698447
67699030
67700991
67719573
68250734
68449292
68937753
69521125
69836559
70062275
70392251
70430666
70553530
70707861
70740986
71023061
71028773
71036272
71056711
71165241
71265476
71481615
71647666
72631685
72911037
72922228
73140271
73244647
73439482
74007756
74059488
74161330
74228505
74452613
74580436
74790676
75014376
75016467
75056974
75263523
75331649
75373727
75814794
75916180
75943762
76121820
76789235
76990900
77037315
77285093
78029386
78385842
78406420
78408666
78411917
78425397
78613092
78661839
78663561
78767466
79320096
80102659
80374332
80564520
80628196
80885812
81157001
81977717
82099356
82151473
82320975
82452420
82652901
83621801
83856032
84075278
84081282
84163148
84281104
84661599
84693064
84702620
84705016
85286925
85289376
85362822
85606078
85865759
86089860
86143723
86333475
87057197
87113690
87163912
87228706
87277455
87483744
87595338
87777436
87812719
88021808
88099580
88723306
89011589
89090040
89253100
89535432
89587925
89744664
90427009
90662986
90976827
91195372
91368801
91390383
91455335
91882544
91967589
92198087
92357890
92496467
92597440
92604806
92737616
93017945
93056334
93904007
93950784
94191302
94366606
94649354
94850871
95340160
95506425
95520415
95558225
95687779
95957686
96184837
97016987
97028131
97239626
97251156
97262677
97301850
97516929
97538783
97739866
98047213
98634644
98715369
98936989
101716592
101775528
101857763
101866128
102129735
102176926
102546703
102625641
103027518
103060761
103074428
104336143
104481993
104524102
104628179
105092594
105145017
105252513
105846806
106109075
106192357
106217193
106456932
106691456
106850261
106894107
107108577
107146095
107146393
107158819
107238136
107251096
107491845
108455487
108559862
108701392
108978860
109066179
109269437
109335353
110159907
110171914
110470032
110546136
110671921
110775353
111069245
111092283
111404953
111537138
111564784
112432842
112760608
113062191
113403465
113696373
114796796
114851156
115002787
115419474
115584650
115814829
116577956
116583614
116748080
116816715
116832244
117067418
117134515
117190199
117754122
117789943
117891602
118822924
118942377
119228939
119434236
120242843
120281169
121239895
121291606
121554389
121576986
121872852
122042844
122130797
122147108
122184808
122429429
123262886
123278675
123349957
123639602
124426485
125720795
126084292
126100568
126118683
126139466
126205077
126312438
126722350
126820201
127543171
127609318
127708877
127821447
128323606
128589772
128643956
128646528
128700677
128993932
129927909
130267393
130491582
130642832
130649891
130884719
130954977
130997057
131044620
131251008
131840443
132051240
132646498
133787882
133861573
133865373
134875097
134887156
134949476
134994790
135265904
135360688
135488272
135618949
137365854
137791968
137890616
138030759
138372303
139525566
140577415
141341662
141811490
141918939
142333261
143812589
144130505
144976668
145346158
145719473
146207159
146449374
147869906
147968837
148185884
148491506
149178787
150248263
152494482
153031349
153080608
154152436
155544257
155641036
155650832
155939841
156038456
156681476
156797347
157082767
158378782
158414847
158453182
159146460
159294410
159572903
160534735
160743744
164365459
164725531
165691815
166203500
166673892
166678023
166692856
167402585
167491068
168708219
168826960
172072327
172502750
173777238
174216461
174760954
175455996
175576528
176541271
177112193
178037685
179148077
179150049
179641863
179968269
180066380
180498749
181995347
182024467
182430657
182431753
182599812
183033795
183273999
183398746
183626808
183767243
185224597
186185609
187215887
187464182
188001904
188481590
188882079
189091898
190405013
191098781
192981351
192993192
193168799
193510857
193757722
193818082
194255928
194711285
194714001
196729943
197111814
197464628
198911524
198975780
199325390
199392897
201295531
201514757
201701695
201733435
201837925
201846344
202281478
202416362
203144854
204074545
204080761
204411043
204870137
205227620
205386321
205646431
205966944
206570798
206746746
209309794
209856048
209916447
210637441
210914280
211002550
212350063
213299248
213339081
213634817
214036768
214210756
214466572
216444984
216842079
217616314
218443914
219069941
219682445
221093045
221452291
221486217
221837919
221858588
223454816
223509017
223642689
224359740
224495436
224722164
224924551
225125248
226205342
226348151
226940811
227012806
227723458
227755413
229242419
231535138
231648932
235261861
235322186
237401623
237845487
237869145
237917855
238174807
238507561
239434259
239472412
239986085
240861411
241215352
241952485
243080822
243673632
243731008
244851964
245312303
245422880
245932669
245939912
246114112
246196403
248831432
249597101
249842778
250293821
251294686
251488617
251577257
252039189
252667389
252751061
252882791
253167239
253588542
254713115
255656770
256113470
256171302
256182836
257268592
257500999
257689330
258447339
259382027
259935630
260257673
260274474
260741931
260761233
260784031
260907612
264003515
264153788
265249312
266292865
266841184
266933861
267283568
267635584
267939430
269312744
270479160
270568903
271009040
274147291
274207148
274793711
275081254
275722475
276254736
277660111
278123090
278221207
278772434
279093933
280949688
281638864
282168818
282585627
284845901
284929130
285529950
285674204
286303897
286432628
287682311
288625190
288685230
289072583
290078244
290097288
291846111
291883913
291959785
292391330
292392163
293051222
293699432
294126426
295325513
296520276
296980484
297169759
297174372
299277049
300114634
300392950
301049607
305216534
305663612
306490355
308272323
308526298
309141022
309176758
309220197
309541183
309684522
309728693
309885430
310064178
310427634
311905636
312036684
313183832
313981523
314662792
314799259
314815792
316439280
316869223
317002660
318007077
319242738
319259180
320049564
320788569
321512484
321788908
321974233
322113837
322296139
322801239
323777070
323994357
326359913
326769127
326813935
326852029
327779505
330606546
330749926
330880257
331475149
331814222
331877987
333596510
334135761
334508085
334752186
335364907
335455509
338395294
340596866
343461487
344779704
344855169
347504059
347831597
347958019
349270414
349817494
352537410
352910730
353569959
353702606
356425954
356745883
357048033
357568963
357648184
358294641
359165577
360041082
360831528
361954673
364477412
364993991
365495044
365500647
366088660
366973962
368970737
368992525
369105079
369164065
370246300
370255074
370808273
372212676
372365599
373060896
373400063
373410763
373553582
374887053
377029080
378041590
378197959
380749300
381654371
382647376
382680504
384820255
385630221
386507775
386694967
386696799
386782622
389544877
389618798
389645665
393080313
393757140
394161509
394787823
395511307
396776297
397462571
398087684
399506095
399572086
399985750
401048959
401427349
401942249
402467579
402957663
404136883
407952593
408593260
409447904
409464800
412595723
414056939
414334713
415901390
418191280
418679060
419260222
420537199
424993983
425052526
425734083
425774771
429343154
430978222
431921733
432752273
433885446
435038217
435302260
436266454
437294337
437842544
438688096
439405551
447867850
449405724
455075350
455134579
456114177
456186825
456582197
456799651
456808166
457033547
457853515
459292162
460190713
460752974
461289120
461577457
462122963
463659150
464172013
465286381
467368287
468741166
472829975
475309726
481598648
482100632
482467939
485036177
485416525
486142562
486616363
487094283
487491879
487772152
487867670
488011724
488802767
488838893
489066301
490778077
491381837
491625139
494254422
496063199
498232945
499088565
503190589
507686370
509295793
515888500
517164056
519536557
519777183
521321191
522701657
523238320
524396430
525808515
531892451
532108433
533349662
533732066
534249758
537989713
539122237
539705648
543440554
543732758
544585961
545309711
546037457
547001905
549374169
549379025
549673665
550351704
551224728
552983877
555532681
557885206
558801260
560176329
560454290
561015506
562106495
563927881
567760343
568647277
571206183
573918122
575818188
578881641
584159604
586309362
587618115
587647612
587807467
588261604
588635564
590204178
593755029
594026078
594042906
594244135
595897225
596893898
597581953
599602890
601318804
605799924
608199309
612020700
612076511
612766534
614754689
619880349
622722259
624517612
625030320
625624080
628899279
629081978
629485156
632116402
633069368
701725963
702586508
705642624
707549284
707657348
708922429
714409014
714505945
714758552
716869094
718338176
728673283
731532523
731953544
739201219
743223366
743710584
750050767
755048203
756394184
759396379
759941192
765230719
769239643
772249842
772256622
772423117
775433964
784769136
787838629
794372887
794535782
803075100
809552311
809651580
814058364
814780854
819127464
820165350
821102114
822427496
825245274
828096949
831347360
835755272
836272957
842452904
847973497
849709172
851354294
851460667
852306672
852915823
856560494
856872085
870680989
873048956
874374392
874385394
882891427
896922998
897610782
905093539
905382554
909576260
910694694
912857449
915514734
917104380
917457446
919889023
925830462
928424468
929904769
931319263
931652977
932422740
933623910
933737516
937154990
944042744
944277066
948444535
957241218
963182402
973554540
980550565
981436356
994705358
995141766
1002342235
1002991904
1004489096
1018050746
1022513719
1025143662
1025689704
1032290077
1040931031
1049478067
1053568129
1055397128
1059622782
1060997204
1115874631
1124772746
1134628105
1134943374
1141081634
1148596644
1149444438
1157784678
1159442503
1168786190
1173377174
1180448294
1183232918
1195054567
1197639715
1198039298
1198406491
1205322793
1205974434
1206232532
1213659990
1214014658
1214785736
1219377871
1219648531
1227698863
1227920058
1229952996
1231830865
1242622224
1249490538
1257718104
1283572250
1286332284
1303899128
1305940272
1307796572
1328954190
1329891522
1335185280
1337539945
1347777902
1349830620
1359367430
1359540667
1380814200
1387949959
1389565321
1395121926
1396151678
1398492114
1398856746
1400389596
1404653376
1409098668
1410302630
1410511280
1416391302
1447153124
1453098463
1464820722
1465241041
1470028364
1470722864
1472924402
1481094115
1483394262
1484994439
1490546586
1497563707
1498913881
1510918164
1518005514
1531537105
1531669496
1533654390
1534322197
1535434712
1539343122
1544275620
1558451084
1561261537
1562518867
1567827828
1567850960
1568510322
1583054016
1591066194
1596848893
1597139347
1598571691
1601084238
1617736459
1620507866
1622434628
1625110476
1636316802
1648064258
1648443276
1648629770
1654700372
1655684432
1658638908
1665896130
1677650622
1682209015
1684427515
1690163054
1692177894
1702155980
1703143940
1704928634
1708085340
1720245806
1720483766
1726195866
1846000920
1852136940
1855517916
1856622168
1870073576
1872538087
1880757913
1881014948
1881111494
1904329130
1908466824
1914069811
1918360826
1923915822
1927658204
1935477655
1943384078
1945155710
1947653934
1948294874
1949902800
1952793631
1953759470
1955038620
1966885842
2149613827
2151411816
2155032368
2155418436
2160865338
2167185685
2169011707
2172431019
2174696743
2174967073
2180820110
2188731330
2196922086
2201716106
2209238580
2213106541
2214443066
2216675940
2230485595
2244355069
2249043324
2250877724
2251028702
2251142449
2252938063
2253788118
2258961319
2259317311
2269366910
2279640240
2281876385
2282479674
2282671736
2284158014
2285539452
2291237954
2292813936
2294627450
2294720426
2295012080
2301597031
2307092016
2313251690
2313837474
2317876500
2317939272
2319118207
2319354031
2319490795
2320755170
2321615310
2326832058
2330760192
2330843293
2330963108
2342138203
2343035736
2347049341
2347982916
2349833768
2358139032
2359855554
2363136859
2364682646
2364698530
2370928026
2374395637
2375751777
2376596682
2382923779
2389775310
2389819058
2389873724
2398569972
2400383455
2401980110
2402570179
2408321504
2411062596
2414493380
2417925421
2421079436
2424087834
2428796856
2432123072
2435823301
2438662508
2444266658
2451685778
2451911342
2451962965
2462159245
2469708890
2472869756
2474345197
2474531833
2474719489
2478067758
2479863260
2482515498
2484545538
2485844124
2510215220
2511697256
2516614945
2518424166
2519302664
2531029603
2533154275
2533305686
2533485582
2539962439
2541874410
2542724537
2544261524
2554980553
2555225340
2562109304
2565952662
2569307058
2573280320
2573420803
2575764354
2590097486
2592125335
2598339625
2600336263
2607163646
2612040895
2613554377
2616826076
2617169929
2645498582
2651846048
2651993509
2665084237
2668562618
2669636582
2679055230
2691127848
2691710851
2698660387
2698915837
2715212179
2715307750
2724742105
2740101360
2745387631
2749854865
2751124674
2758649640
2769743538
2769950486
2773961612
2776994717
2778870025
2784392743
2785480981
2786252385
2790401035
2792235271
2792812439
2797166390
2800292898
2802033648
2805725526
2811792099
2814969613
2815078226
2817724502
2820666877
2826858054
2826972511
2827252636
2827342884
2831699765
2836755090
2841883887
2849681767
2851462277
2860318467
2861428699
2862597143
2865078826
2870807128
2872330354
2874230781
2880109189
2880831056
2880860784
2881121510
2882506794
2884332350
2884653347
2884710232
2885805268
2887801796
2889063170
2891378052
2892340374
2894555013
2896114856
2899109558
2900556531
2900938234
2903837358
2905440476
2910933589
2913841373
2915415420
2921047735
2921310605
2927184541
2927758254
2927942882
2929250680
2931612979
2933931100
2936358032
2939166007
2950206855
2952042687
2964864604
2966400743
2966970788
2977582534
2980798696
2983205617
2991233456
2993729695
2999017312
3001595722
3002222549
3008571198
3010572600
3012390010
3017853822
3018841323
3019975299
3022109085
3022847065
3026917877
3031338755
3032810733
3033100016
3035456878
3042315746
3048459502
3056394376
3060174289
3060571160
3063169619
3066007731
3070985713
3088492085
3091150576
3091415561
3092796725
3098155296
3098386328
3100005042
3100031780
3100219609
3100230334
3107926958
3107980393
3108033410
3111189460
3118789454
3119852399
3121950808
3125286054
3131408711
3132952855
3148757308
3152287149
3152656267
3157482238
3160127563
3167232731
3169344685
3172906266
3179706339
3181124167
3184624880
3185406570
3187833188
3192402548
3194710572
3195467395
3198227053
3202028009
3219690583
3221007328
3221494963
3224469100
3230160325
3232765964
3232803098
3237054781
3240906682
3241064373
3241206760
3242758916
3245142196
3246158396
3247221536
3249128140
3256706975
3257262027
3257536976
3257608936
3261582928
3273207973
3274888813
3278710790
3282702576
3290172276
3300389536
3300557280
3301029022
3305438281
3305603321
3308174530
3309694035
3310193378
3311798414
3313182812
3314486832
3315687506
3317180625
3318194690
3321209894
3322487829
3327037912
3334459977
3336020532
3343047718
3344276523
3356662041
3359343333
3362905589
3369747213
3371155569
3380514339
3384657159
3384808361
3387092133
3387373071
3387573928
3389420693
3392719960
3399758773
3401378259
3406818699
3413478351
3417337143
3420065069
3420477195
3424326675
3428358964
3430274939
3431777847
3432700917
3439484728
3440291413
3443167339
3472380732
3474004752
3502267702
3520752864
3575972717
3609755232
3613056208
3656092409
3665087833
3667084876
3673672777
3689838915
3739820601
3740906892
3742099874
3751241727
3751775481
3806553495
3806973433
3817190896
3830318360
3841106895
3869825772
3901787776
3911174913
3918762081
3957817872
3992790741
3997578437
4019522178
4037324904
4049589852
4062092728
4063783912
4094744122
4104953806
4127951894
4148903903
4164945028
4203520763
4270279454
4270307660
4286708833
4305781932
4414800014
4418429837
4423499472
4427095994
4441797946
4442380527
4497640694
4502463379
4510256658
4517675954
4579155913
4610992540
4673710118
4705763776
4709232802
4712927456
4715073930
4724959268
4730190492
4735695772
4745955560
4748208485
4759875614
4770676217
4780060819
4815773021
4823900129
4827486528
4828180654
4834310147
4835833485
4860635361
4867745776
4889300319
4894867797
4901438451
4918738512
700784500658208768
702469025616502785
702968279380267008
703052403067650048
704094532674174976
704416831558148097
704760431324348417
705512596921712640
706946741136973824
707671149094772737
709338928013320195
709515567393284096
709737573569028096
709806270841233408
710544869765165057
710577079071342592
712795427116961792
712886760770940928
713048630173638656
713784907751952385
714538940665966592
715100119142703104
715198343001952259
715572461086048256
715901816857358336
717707978325889024
717809118157754368
718129001923915776
718580218806423552
720671121377468417
722190257244889088
722210815110041600
722579682298880000
723558010644238336
724266333999763456
724997332392153089
725353778954797061
725431061296111616
725442217196834817
725803369932181504
726033778808918016
727963410923556864
729775247122149377
730196387975954432
731135289893101569
731250727192952832
732716134626004993
732902867078635520
732946923360006145
733318062754004992
734164442997501952
735404105091448832
735556326491860993
735566660480970752
735572563691229187
736182413093543936
737606892311085056
738423735149957120
738808871263817728
738818996531810304
740187649231589376
740238495952736256
740240040819752960
741379764703748096
742149419491954688
742969940056104960
743256483798781952
743844097853521921
744708933160415232
744927347099344897
745281579149295616
745667849918754816
745984851757699073
748077965800542209
748263271501750272
748630686957961217
748929544963256321
750378064853340160
750751206427860992
750997975653023744
751140460559757313
751899640174227456
752177412771831808
752743856941125632
752750356577169408
752918967891603456
752919901203894272
753623149929869312
753670706311815169
755014556167053312
755757951835447302
756572537136353282
757372608258060288
759027320560627712
759524865800019969
760118071642185728
760543726888333312
763469307414138880
763906257409314817
763914563578322944
764242397458931712
764725097525633024
765571360458432512
766018616982663168
766599535397314560
766640372638515200
766656876473819136
767340695061495808
768553501395857408
769250912611074049
769254092581449728
770685407453384704
771272450361425920
771655244631506945
772920632971591680
773563140395167744
773943400320143360
774008424258568194
775152128524378112
775332218004799489
776502511846825984
777942734778699776
779024181950156801
780860698200911872
780964292338343936
783758822175285248
784038868827922432
785418483685294080
785503368781373440
785894995488182272
786178844885676032
786784514596937728
788152825721163776
788453443744563200
789456138815307776
789458607691685888
789535763037773824
790372371349827584
791065461672685569
791332009956220929
792277555424399361
793065700059451393
793838972690583554
793913367496769536
796005813282181120
796076551326429184
796784793258033152
798686216216379392
799637471063658497
800380099044392960
800942202851467266
801859875168927744
803056190305378304
803146839847383040
803263807489536000
803339151542255619
804032534271164420
804081901728387075
804116595853377538
804415341438734336
804591187755696128
805912073502801921
806812777935437825
806854711320121344
808290978247442433
808603384437608448
808793586200432640
810659598445215749
810875528509001732
815785411456958464
816396540017152000
816981881661063168
817417903461072898
817461289081409536
818465693754650624
818908809431162881
818983420587970560
819145202355044352
819280654927966208
819677871480315904
820440736336228352
821808217462284288
824569447746834437
824685119667666945
825127866258034688
827257262653583360
827268307531075585
827296225955180544
827637158555033600
828319231963959297
828997388920619008
829053550848204800
829367222187413505
829430292540710913
830494075522396160
831291192125960192
831554575534522368
831627061001408514
832320433957507072
832686579390877697
835916550234329090
836602102524719105
836661301363400704
836709648195411968
837089083818135552
837745787304030209
837792276440981505
840020768805142528
843909603473670144
844198240107094017
844342288419479553
845205347388157952
845282272030965760
845722617063657476
846342931908841472
846368933712199680
847198791031762944
847910083577171970
849409117106188289
849626699440455681
849952357614014464
851082795623624705
852576129026150400
852597632409186304
852973970026516480
852992676647518213
854430875211124737
854764272269787144
856318811041128452
856524819948609536
856774314066034688
857226071548329984
857281018314620932
857684571537760260
858954415176396800
860494610807869441
861463172296974336
861543807418077185
861707648584085504
862316234565660673
863076948628484096
863087589531697152
863993382330408961
864347902029709314
866467558114852864
867030670618578944
867122366790369280
869918579927523328
870330966908166145
870538961822920706
872413457198567425
872519322077470721
872892049384767488
872895745879363584
875417556072386560
876928092459192321
877025898687590401
877952584333410305
878087280321335298
878302587484753920
878924739812761600
879477271735574529
880062395732938752
880079862496669698
880142286176231425
884466607703162880
885831453912838144
886681460874379264
886972517692432384
887325906066341888
887696537400332289
887740311090282496
889162553338740736
890023769477173249
890090404581969921
890331952087052288
890636552065368064
890940136187416577
892789183693021184
893945553318543360
894677409177288706
895014043932540928
895097423449669632
895294510313484288
895356791885668352
895445742898249728
898250146797846528
900769687612424193
905041690318254080
906231306530545671
907689243715280900
908425516914528257
909070580737040385
909818243186962433
910565056374624257
911245230426525697
912968975880904704
913568711549755392
915996982446977024
917195081408319488
917495115999883264
918907665597661184
918994376105197568
919174740270637056
920694069789184002
921347439004672000
921439571283341312
921735019693051904
922471310911000576
922928836836130816
924804726763294720
925401857006161920
925777947461652481
926521622948872192
927676979435921408
927844801042702338
928665833743835138
929186964925923328
930140998482780160
930194404253450240
931239693534093312
933340483018899456
935890828391796738
935904229637677056
935982551969214464
936134598295093248
936372912642068481
936404940909551616
938002122934808576
940994087511117825
943411094499946497
943487381981794304
945236220149297152
949003745555337218
949406397434941440
949425741665636359
949682268062339072
949726837856456706
951489427309809664
952865511355899904
954134806907858944
955615086680276992
955953840246816769
956215555748483077
956569256971390981
956692683661107201
958360844844388354
959139521538510848
960536014870769665
960549856593969152
960635962337386496
961410286476345344
962293079012241408
962579800719179776
962845606967435264
963318157963354112
963888135896616961
964176018977230848
964224111928119297
964304085003505664
965790279990116352
966223929261031424
966355253540114432
966389304120479745
967130855230640128
968562440567898112
968567047499038720
968579046400450560
969300489220378624
970534942361862144
971485142429597696
973129635222511617
973387005961764869
973669516176691200
975737572201783297
976104277486768129
976604963743842304
976895816563539968
978344970925961216
979089418744094720
979489794681028609
981285455726391296
985916593065476096
987401159747997697
989236447348584448
989337881046061058
989514572515151872
989559830900822017
990379261767880704
991143265792503808
991482416207347712
993040996744159233
994510572317265920
994526018697400325
994857233539371019
996477406247636994
997290325671473152
997622905776328710
998983914583707654
1000040931867885568
1002595894162644993
1002606905888509954
1003633965583032321
1003683862088593408
1003753270181912576
1005982984879538177
1007358839182815239
1007783100955291648
1008170328755879936
1008772443601821696
1009653148108054528
1010736265422102528
1011827827543453696
1012121021711728640
1012276797717786624
1013821250945220608
1014209177248387073
1014861853338398720
1018838710916444160
1018907196438896640
1019493280101359616
1019741769766875136
1021518464383561728
1022919016107724801
1024905761367851009
1026581305906155521
1026585529641390080
1027039671652515842
1029092401262948352
1029440572912594944
1030085369767882753
1032346999016894465
1032596836735967232
1034844617261248512
1035325379089596416
1037212669873451009
1037215650203217921
1037859444976058368
1038160875759255553
1039573057612832769
1041175266133827585
1041482401937911809
1042164415993458688
1043185714437992449
1045354581511692289
1045424644017143808
1045772546648526848
1045789742833397763
1046841900832104453
1049720926256787456
1050122704202788864
1051838888698892289
1053380371570671628
1054289033344368642
1054416320215900160
1054786303009554433
1055929604450537473
1057423719142965248
1057666363433529344
1058075834865586183
1058118127186296832
1058147903120633856
1058453417654251520
1060978099146260480
1062483629886988288
1062673573205196801
1062738433716686848
1062808363908485120
1063083522683031552
1063551500218056704
1064933767813496833
1067531429519613952
1067896510665433088
1067924158573506560
1068576639267807233
1069687323288162304
1069692236982415361
1070014156412149760
1072263886693265408
1072319486819217409
1072597413041324033
1073266646704369670
1073483479067828224
1075111294481555456
1075667922268446720
1080321184560865282
1080513430036119553
1080952894508150794
1082012985642573824
1082383633955110914
1082993364851671041
1083549735007350784
1085354988279291904
1085932049834364929
1086317470573420545
1087320305067012096
1087380412089987077
1088048818921312256
1088152506306347008
1088506201028153345
1089998223907770369
1091988090766483456
1092464775555104770
1093065573477552128
1093859815678504960
1093977389988802560
1095004428162289664
1095392266309390336
1098709061334429696
1100455506324316160
1101641502025867264
1102734278058622976
1103384808871333889
1105586871642419200
1105929937247076352
1106334521987731457
1106601079255506949
1107096188766113792
1110599102415421441
1110661574568468480
1110971431628820482
1110982225833582592
1111038625121067013
1111286507653025793
1111766238093406208
1112582522196627457
1113152748726304769
1113188287118602240
1113807412136480768
1113858305305321474
1114176652421017600
1115310817363152896
1115369424779915264
1118479751054671873
1118863452045549571
1121509699348725766
1123227507631820803
1123949703232724993
1123977686215536649
1126307556652019712
1128049192004407297
1128186338950426624
1128707845589876736
1129056557000531968
1129077150139731969
1129764505880162304
1131009718376210432
1131229932795899904
1131624677082710017
1132895529111736320
1133445181527740421
1133733519614709763
1133957315433062400
1134327378425942016
1138469361944014850
1138815028935700481
1138844680521736193
1139627239325093888
1139628203528486913
1139636315031404545
1140778724767358976
1140952791357239296
1142987050867576833
1143972241706770435
1144362995839098881
1147189691315130370
1148007870442680320
1149362741468995584
1149421859756134400
1150625771842605057
1151784680921980928
1153723498608713729
1154059914739929089
1157389907360407554
1158860115132370944
1159144404495605760
1159166953539420161
1160973322588499969
1161769336115101696
1162472272214581250
1163572482739060736
1163902312189976576
1163913322556796928
1164210886782750725
1166118409110728705
1167464260978532352
1169062665932562433
1171010217217277952
1171155332917321730
1171472316678770688
1172151365222580224
1172499211977461760
1173723995968983040
1174459461534019584
1176090539130683392
1176916017391394816
1176921811050778626
1177236906050019328
1179051538762874880
1182157108424278016
1182283437685821445
1182333204528795649
1182493264164712449
1184490032196915200
1184934107723100160
1184980273856835584
1185292960205803522
1185316272504037376
1186000535427657728
1186819355364999169
1189258437198254080
1189825709730148352
1191016047106822144
1191420088106311681
1191770667341012998
1191859024989310976
1192132721847545856
1196313758898900993
1197222611568201729
1197232123415056393
1198043512089931776
1199164382015451136
1199680326806786048
1199798336963825664
1199841133871783936
1202270002184933380
1202673282945695749
1203042873328848896
1203059923317227520
1204202807298969600
1204279788061577218
1204955320017211393
1206410153630818304
1209543362715492352
1211715280621064192
1214624742696574976
1215003390771466240
1215778477204369408
1216811610469064704
1217560755320578048
1217803679878778881
1220647074334760960
1220797565865775105
1222962624108863489
1224682198898552838
1225038987129171968
1225112248756076545
1225534626208219136
1225827728605241345
1226122235284463616
1226978646620983296
1227354630549536768
1229885582840619009
1230624926194782209
1230893316763316224
1231024110165057536
1231952464640978945
1231972320450883584
1232061287301074945
1232773698832289795
1233343136442834944
1233901057736085511
1234422442468134912
1234518714176954368
1234937333453029377
1237425537481445377
1237494066180313088
1239633538158395392
1240069399513411584
1241831531087265792
1242232417554968577
1242435097682477057
1242447954709024768
1242491054655336449
1242552022844440579
1243560408025198593
1244443846345469952
1247570342685614084
1248454221088739336
1251520609596497921
1254109010116124680
1254798860095897601
1254949976729411584
1256354585616060416
1256915891251535878
1258151863351824385
1258472497248378880
1259684668124758016
1260115493068746757
1260221761955811328
1260698002760425472
1261230594865926144
1261605216127942656
1262085061232300032
1262351937913131009
1262909291654070272
1263059298097250304
1263158252977750017
1263466616605380608
1263955994213847043
1265956610465300481
1267473460617515009
1270370694270984198
1270770142641745921
1272450718952296449
1275784053078347776
1277126970183204864
1277728638411182086
1277797292469178369
1278745360232398848
1278915257914871809
1281144367252566016
1281202009518022659
1284926091891630080
1285277531441115137
1285640504885952514
1285937122864766981
1288383370695553025
1288387924552110080
1288400986696949761
1288765892424282112
1291576166017572866
1292763319493898240
1292961675273015299
1293201659905155072
1293941021160734724
1295454759168745474
1295473175145390083
1296671762919260161
1298614097790087169
1301238099146469377
1303189686827974656
1303627030886379520
1304050809869602816
1304242007192162305
1304245717720948736
1304350066497347584
1305820367307505665
1306588695496200192
1307731869044215810
1308605675405078528
1308610352825786368
1308682480388460544
1308704214869110785
1308897759441817600
1309328551175356421
1310419880106106880
1310856945780232192
1311839924342185984
1311852766877429760
1314560839962288129
1316124682177970177
1316759115939577861
1319561050832793601
1321013253036634113
1324295300912209921
1324620618038341632
1324725242133032961
1325897944806137857
1335155426250219521
