929
3922
3980
4711
10545
30973
48903
76133
605643
625093
666523
668863
697423
718483
767396
772368
793023
809273
813039
817880
818902
870541
968341
1221351
1332121
1434051
2142731
2557521
2735591
2803191
4574361
5920532
6018732
6134882
6270422
6742522
7017692
7142392
7212562
7535062
7573792
7617702
7798232
7834512
8040282
8112142
8861082
8938272
8942382
9475182
9505092
9510922
9626112
9645312
9726122
9898542
10503302
10732752
11351532
11630782
12092012
12378512
12454882
12510162
13058772
13133002
13613292
14069848
14075928
14110325
14117843
14137772
14146389
14155994
14164724
14201674
14219877
14228971
14275290
14319981
14320293
14335093
14355899
14361975
14363899
14459551
14463848
14505546
14654552
14660297
14677766
14679272
14700691
14750983
14761655
14775374
14787758
14790085
14849562
14861876
14904769
14924965
14934247
14946736
14952023
14956354
14966396
15006466
15010772
15031464
15033883
15058596
15061942
15069555
15126599
15150276
15162136
15164565
15196120
15281429
15325142
15339200
15357910
15358364
15398764
15458197
15463610
15524875
15531582
15640533
15670515
15675138
15681343
15754281
15806318
15861420
15880163
15888142
15909478
15934026
16063910
16095572
16247414
16333852
16334724
16354688
16402507
16405141
16437671
16515099
16573941
16580511
16583846
16602164
16648808
16832688
16847082
16913772
16940993
17000457
17064600
17076876
17127115
17178315
17193794
17207243
17220817
17230018
17307429
17338082
17393790
17416571
17448575
17471979
17480524
17513031
17527655
17540485
17651596
17819666
17850785
17995951
18080585
18093710
18131961
18206462
18267245
18295289
18341726
18400053
18462157
18462539
18496432
18518601
18756330
18952832
19045596
19103481
19113589
19123879
19253334
19315174
19426551
19551661
19671640
19692276
19709040
19937859
19992977
20235586
20249612
20463079
20536157
20632796
20707076
20745074
20793816
20998647
21006515
21040001
21129105
21311906
21323268
21414150
21437122
21719692
21767394
21884158
21901902
21920965
22030225
22046611
22161956
22209201
22224124
22330739
22467617
22572168
22935793
23011345
23112346
23115673
23173268
23242773
23279144
23316795
23396440
23520231
23730612
23745772
23794763
23818581
23827692
24160942
24429991
24741685
24742040
24807616
24881598
25168788
25531164
25562113
25589776
25629019
25734165
26301375
26330898
26516576
27089433
27116834
27405573
27650674
27677483
28165910
28406270
28604518
28785486
29029556
29758446
29903518
30028228
30192824
30315557
31041825
32379204
32880255
33512098
33521530
33559167
33588206
33606835
33645850
33758965
33952403
34015683
34181507
34321521
34613288
34714943
35096047
35150681
35203319
35647451
36158849
36497342
37033522
37764753
38003146
38018866
38220933
38237581
38734554
38746035
39039862
39476224
39595345
39705348
41012588
41330158
41486415
42126617
42566089
42712551
42964523
43198949
43430484
44115129
44595407
44608081
44994215
46390865
46744913
47475039
48088063
48497136
48529642
49465463
49820803
50418887
50687788
50934251
51801586
51848919
53200348
54990156
56413858
56505125
57348774
58454838
58966564
59449288
59611400
59889953
60024268
61542667
63050582
63170721
64508047
64884706
65753643
65917536
66215504
66383448
66403013
66799471
66961835
67673333
69225990
69799377
69869246
70334290
71026122
71229689
72915722
74129471
74274804
74286565
74584446
74594552
75086932
76117579
76430569
77228478
77740842
78081806
78766380
80589255
84249568
84623395
84936481
85400911
85959414
87762137
87770218
88803528
88953642
88982108
89033635
89034684
89084561
89183429
89517005
89657594
89858807
90665957
91333167
91478624
91910486
91952785
92151837
92598387
93711247
94480781
94632137
97040343
97354038
98616286
98955572
100021001
100697773
101624176
102541572
103067285
103637045
104859281
106039518
106075844
106682853
106850874
108090708
108619944
108688147
109184306
109569353
111372861
111457430
111594658
112464786
113396696
114717065
114758167
115222604
118308837
118482567
118674790
119804936
122053508
122396513
122466098
123093566
123543103
130963706
131362254
132148781
135242940
135643468
138173132
140128295
142277252
142437433
143128136
143519854
144849660
145227381
150904297
151616109
154134271
155578367
156407255
158129535
161147114
163154809
164208193
164365554
165133507
165329952
167324989
168077268
168264219
168733866
168775611
170605832
171268338
172047131
172442947
175534964
177491555
184343941
184861637
185930179
187268449
188060610
188352302
190166738
191202141
191225303
193348936
193446859
194042685
198581449
198984438
200211444
202886242
204881628
204914485
205915163
207495308
207507805
208214219
209104486
210193709
210927444
211267596
213038639
214272214
217030924
217984380
218571680
220165520
223724241
224313812
229021888
229345359
229552128
239656283
239975482
240804011
240826569
241157074
244110778
245938282
248124298
249286945
253464752
254107028
254218142
256093789
256999501
257121420
257548783
258339657
258881371
259725229
260044118
262271317
274673392
275290426
275405363
279086425
281616947
282750421
286430864
287961706
288452305
289325602
289737576
293479676
294120449
294221394
294270485
294485766
302788814
303569935
304455171
305370209
307810043
308988200
309066576
309679834
312127576
312790582
312900275
314098938
314837110
325612042
328240301
332018940
342874803
345673106
355307031
357750891
358301350
360685668
362823642
364327333
365244980
372575989
373361823
376168814
379327241
381200632
381223731
381654371
382221144
382924139
389582305
390973130
397281913
398297536
399630897
403786250
403871494
404700013
407624682
409487670
413898659
415859364
420308365
423537761
426159377
431099215
437698597
443290756
447644824
451711346
458659376
459682185
460544490
462149168
464140899
464217126
465143733
467066383
475842690
476541145
480755455
480833734
486564539
486855126
487253140
488904431
492106051
492674333
493614473
497296988
497617437
501801749
502207192
508015210
521769198
526524949
526867353
544030417
544585961
547108856
551373363
561169743
561219895
562566522
564919357
569569550
570182659
593975708
599220130
601129251
605744654
605804404
605805760
614916192
618197588
622960227
626566778
630135190
636485312
703581570
707830526
721879454
729181638
733123902
742011151
745583288
799166785
832548396
838464523
853031226
855704059
868472186
872439752
901963182
902438742
915643998
921093588
921180174
973308278
992878489
993094381
995848285
996151208
1002756727
1007796001
1017990985
1020667986
1023698377
1028595288
1065930228
1077537032
1106096840
1137342313
1138959692
1148642546
1155522630
1184647243
1194947442
1218956678
1231808202
1241876857
1244325504
1244754217
1252034581
1308211178
1373494394
1378246266
1394399438
1395095078
1397342508
1415615563
1471949005
1478210522
1480204800
1494034783
1512504708
1531526305
1542886262
1553775438
1562404537
1562411400
1577134350
1578583062
1580628726
1584415826
1586780444
1596173916
1631031986
1632885751
1640929196
1654188770
1654688996
1681855874
1707305418
1736763386
1855747045
1858823539
1887734996
1905100934
1931202925
1933340930
1967601206
2176282656
2191163863
2191222296
2195226546
2201398921
2207340349
2208547476
2233185632
2243265044
2281044080
2282923778
2287231736
2301638324
2335328114
2335560870
2339397540
2352898266
2361288673
2363019684
2372244577
2384354214
2396580356
2413040138
2420931980
2430804422
2437164474
2444138720
2448100350
2463677318
2470670804
2473138729
2476570038
2482921284
2503901772
2516599999
2554509812
2554996904
2561646679
2575538047
2608045466
2667470504
2679055230
2680420820
2693351263
2700964314
2716516619
2732849860
2735246778
2735381563
2736757016
2777782753
2787028453
2787308684
2789923627
2791628465
2794967939
2798497494
2801655227
2808428874
2810968542
2826776275
2828573484
2832071580
2849837998
2852075027
2854599126
2857397298
2870475259
2879017127
2881214580
2884358774
2887134689
2891417835
2895839092
2904007556
2911191940
2930073000
2949301194
2974416525
2983147266
2987912993
2998896272
3004840675
3014369394
3015949078
3017872099
3024397980
3037262376
3063535968
3064032155
3076279525
3129376990
3140828747
3157482238
3171374018
3226505335
3227660684
3240143771
3240515191
3250035888
3258295220
3259313744
3280054664
3283604160
3286770860
3290135061
3292188677
3298827229
3298891878
3308149762
3308368829
3344331155
3363040814
3375281592
3377740138
3397498957
3402730131
3428933729
3431531391
3450662892
3491556316
3651083671
3652808918
3729658880
3839462654
3841172777
3863606953
3873936134
3887467873
3951874513
4040664734
4048438851
4121693177
4149685643
4195705053
4358694012
4364050277
4442380527
4445517733
4490396355
4548507922
4705115736
4710974593
4720693500
4740047183
4747947612
4749265009
4795520367
4800268897
4828095843
4835614017
4869270741
4884044833
4896117477
4921012383
4924429943
700682730254667776
701166264299888644
701251919126388737
701269665532645376
702324636453720066
702932794947694592
707938332940959749
708350054981984256
714559892426592256
715304936548884481
717582007656525824
717825317851774977
718671817523617792
719548407992479746
719902068782342144
720035276563877888
723638119241670656
728226551829954560
728295283038158849
728466024660508673
732198195120443393
735555667965136897
746748503804739584
750755701857751044
754021211995267084
758320629057622016
758477591288229888
760291547048837120
762484767275089920
764272866267238400
769234208518582272
776196808909336577
776450083453894656
779497280651071488
788796245196283908
799047255378391040
799710470504488960
802985646646329349
804341497441255424
808350518703755265
809705011504697346
814555826715328512
823518894182846464
823743144143548416
824320219866923018
824876295607554050
825117123936612353
826399850858168320
827633645934542848
827920537087275008
829775242843217920
842066672508899328
857689224887365633
857699969263964161
869609657802924032
874016581952700416
878247600096509952
881815625441718272
881983258220666880
884864436200013824
884876117999538176
888164887855104001
893120474204565504
900463107214102528
901245364279418880
904194049929830400
910707598495670272
915601931006963712
922711570328592384
926164634570067968
926582856905908225
933416506829955072
937758776349863937
941386166972178433
945384764361592832
946419829015228416
948609064484864006
949003966188281856
957909838381617152
958480555095535616
965774983527043072
976044659683352578
980820494101262336
989316882422353921
990715386965479424
1013815662521737216
1016059981907386368
1016769852613095424
1019111849244135424
1027450301123575808
1030695981405401088
1038096516727099393
1043926546078158853
1046017154397736960
1063123777452527616
1064882638727639041
1072665163591901187
1077816928121499648
1086797075528859648
1088681845745696768
1098591079086112768
1108239977949872128
1113786061019160576
1116375460965908481
1119335863610036224
1123962682258919424
1128452702470459392
1130021685351079938
1150868218279600129
1151207605706080257
1153711883808997376
1161434275197009921
1161702596601626626
1180129339867893760
1194202635114557440
1202267633049100291
1208343878920749056
1214117707517321216
1216135230559571968
1239284514926383105
1253267397903089668
1275154239459901441
1290964234344464390
1308181481353748480
1313872907643183105
1314218891594227712
1319392990939340800
1328795920666931203
1344119272394674177
1354479235608555520
1358147632837885958
1362107565841211397
1362228882066214915
1375091740923731971
1376493895685529602
1381245365257527300
1381359263973511170
1384529304323772419
1384685957216092161
1407124919725481989
1425764869106585600
1429906573426634758
1431678810659844099
1435335619085955074
1448327588393275396
1454019781821140998
1468090423923015683
1483910685092364293
1487409570997755912
1492488522929946625
1492677599390322689
1501068724534755329
1503687897886691331
1504782452077834260
1510647252641099782
1510761996672716804
1510870666395930625
1513071313606217731
1513170768917630981
1514576667259322379
1517055463619276802
1517573313811431425
1518535802950922240
1518650231579054080
1518672990329663488
1518673474251894786
1518674868400799749
1518682040115380226
1518685248845975553
1518708645193678848
1518753548116365312
1518776983152254976
1518787255959228419
1518929987465846786
1518934403321319426
1518976236416126978
1518984623732236294
1519017586423308289
1519060503422775297
1519085510785966081
1519149321383460869
1519231676060258304
1519319491796217857
1519358228437643274
1519411370382352384
1520520042101854208
1522349049201917953
1535316858215211014
1543292756025638914
1558506347767144449
1563524004409131012
